0.035276389884234094
-0.10840628374704608
-0.6682458164057459
-0.5729256786531345
0.7462828593075477
0.3657518159930775
0.6047652582395795
0.12810909583724572
0.09486796913436257
0.03989880588893424
0.16861112334604478
-0.47554999874098325
-0.08009898678074867
-0.6204947901122448
0.34213636096238376
-0.8022970979009647
-0.05205648900913018
0.22173126769807605
-0.6844930967895515
0.7937457111571131
-1.4763106416842002
-0.42921939770563344
-0.6094554592629888
0.9923391577486442
-0.8358882440959468
0.46821811597654706
-0.7429888258920687
-0.25232790047996423
0.7969947903810379
0.5546308945521874
1.1137409444415267
-0.1054069515484759
-0.3915484053423057
-0.9696874638063997
0.8877949691386313
-0.33094129580893006
0.11771464818653898
-0.17736046173204012
0.47076057732858545
-0.6029235397714159
-0.5695222986137791
-0.2381042827657922
0.5895268680300614
0.3000918042992675
0.3724101343456723
-0.6958438045999649
0.6094187441448546
-0.2924683920012945
-0.4758340466017641
0.8475843658369415
-0.5660722683614359
-0.41205731076991614
0.5656256393448778
-0.20981657696361333
0.7634303404754086
0.9313801926377661
-0.061140223021703966
-1.2563128328824686
0.9157207637237903
0.992686895145446
-0.049622276227990314
-0.13064090550215446
0.5076911914161375
-0.9450680972484402
0.7299721446054674
-0.4169772973405277
0.36940723369993156
0.3784904286563149
0.6649723917043895
-0.9662235343573333
-1.0780333555327983
0.04507031068745948
-0.03937876128918538
-0.8453357824870931
0.561796245941949
0.02238798601302161
-0.8300602227374134
-0.3021493035414369
-0.06520949753759364
-0.38800934699688705
-0.703952657151237
-0.9515010528059655
-0.009403952534268512
-0.23414889556431628
0.29624866045044795
0.8680577310946822
-0.1186719093155606
0.900212146949928
-0.20625561984206242
0.9726243755331714
-0.4098592127115188
0.2854529779632533
-0.03902896884586138
0.8533665517414861
-0.5138136140601521
0.804150409423783
-0.764779423748781
0.08006056781433157
0.27724910310200057
-0.7740315472869126
0.4540619555590495
-0.9917150585210512
0.48735123106026057
0.3030306484184655
-0.7162938120358995
0.9657445437467413
0.2813008177707069
0.3821334805182721
-0.5887863713510455
-0.049000419828385544
-0.23682529243787243
0.24094569139057476
0.9327424368839836
-0.18296566903789957
-0.9363621760987018
-0.08622909724294003
0.13204376632282888
0.020619568892795703
0.8950920202000601
-0.4723985710202181
0.5734750620506341
-0.5400691046951285
0.6464243700062173
0.8707236795554947
-0.1947368248602741
0.07378327945409402
-0.36864068950624707
-0.8048031113736407
0.14167153656186637
-0.5477570413138129
0.47984162155828924
-1.3415321534538782
-0.7895970170141302
0.03381996086963501
-0.2540489702852984
-0.11661178867152477
0.07105066777569313
0.7482004720171085
0.287450308984073
0.6665350593821986
-0.19192110025060583
-0.21709247780028762
0.053586292064114804
-0.8792001902365398
0.5434926583115005
0.6557247195018623
-1.399693973037049
1.3901675807940244
0.20467987884858752
0.21473300451856137
0.6085269222619762
0.9454655937788679
1.0298761631730171
0.054388627023963965
0.6543641465868184
-0.6479600918163846
0.08508399469983763
-0.710780951170112
-0.29262262764402847
0.848335990602749
-0.1348748372522166
0.9713559102738376
-0.169384375369104
0.5969001041989531
0.8446032921031479
-0.6823576817739505
-0.3985653291462904
0.7697142975215927
0.9973683498188306
-0.5805574779820148
-0.7566000655250549
0.3988226586631023
-0.46784921421562276
-0.05594019757593793
-0.42033363229431986
0.7722177483780761
0.28406772516988177
-0.43257617756922917
-0.8766331004389292
-0.4516928125010973
-0.4164514525154751
-0.820531745220231
-0.20465448151989651
-0.6894017772997856
-0.6884928528939138
0.33599341417173956
-0.5141895472737195
0.5457038030654311
0.8153264014637764
-0.6595054605858592
0.25861745785770407
0.10659454679775315
-1.0427976168936584
0.814053602477866
0.16615416284498652
0.016252216443175982
0.6019006172508905
-0.08490565735912914
-0.9069918497043699
-0.45392298998959857
0.6023897452604634
0.25907557619181765
0.4434242012711589
-0.9082910944565288
-0.907310710923025
-0.2560756314480832
-0.994752208493185
-0.057089782759737195
-1.2931613589441724
-0.8868921020280289
0.2377503481013874
0.04950495409439748
-0.9882312561201323
0.3601380157273968
0.0029660586542045175
-0.06204135958863022
0.018740197067429465
-0.23997439868819725
1.230002965914366
0.14602694040764908
0.6622973964165757
-0.0761560183844876
0.12395968131922497
0.3475151555541589
-1.019825712579085
-0.5854838283077257
-0.09926575232955659
0.5674103441563971
0.5294015302843635
0.4803174423032014
-0.565798022061814
-0.3062935432386722
0.2392279200996852
0.9823371865838924
-0.05333169412092664
-1.1106865551184142
0.80644516209594
